List of primitive polynomials over GF(2)
Degree of polynomials: 9941
The number of primitive polynomials listed in this file: 1000
Date: 25 June 2018

9941 7344 6368 2711 0 => x^9941 + x^7344 + x^6368 + x^2711 + x^0
---
9941 7344 6368 2711 0
9941 9410 3996 879 0
9941 4748 3730 3657 0
9941 2618 2379 228 0
9941 6343 2436 53 0
9941 2811 2227 1100 0
9941 9535 4032 1991 0
9941 5028 1575 449 0
9941 7393 6255 1214 0
9941 7509 3038 66 0
9941 6300 5361 2087 0
9941 8529 7922 5364 0
9941 7418 3702 1697 0
9941 7195 1874 439 0
9941 8886 5447 2056 0
9941 9565 5769 322 0
9941 3750 417 66 0
9941 8754 6258 2591 0
9941 8850 7964 2497 0
9941 9710 2483 2429 0
9941 9150 7460 2397 0
9941 7526 7267 940 0
9941 9136 6743 742 0
9941 8352 4483 3430 0
9941 7849 7474 1518 0
9941 9448 3159 1166 0
9941 8090 7921 5596 0
9941 7065 4681 658 0
9941 9561 3764 2167 0
9941 7689 4717 4714 0
9941 8091 2222 327 0
9941 7769 3508 1491 0
9941 3965 3598 3291 0
9941 8366 7949 494 0
9941 3938 3694 2385 0
9941 8755 5846 3393 0
9941 4962 3559 530 0
9941 9290 7163 4683 0
9941 8673 4511 566 0
9941 8886 8324 1277 0
9941 8369 5186 2663 0
9941 9212 7022 2135 0
9941 9878 8875 8247 0
9941 8370 8229 6083 0
9941 8477 8311 7668 0
9941 4943 4348 2353 0
9941 8158 7195 2636 0
9941 8713 6343 2940 0
9941 7861 7819 1050 0
9941 5772 4615 4469 0
9941 7382 3118 27 0
9941 7614 4993 1030 0
9941 3864 2387 1357 0
9941 9795 6581 2088 0
9941 8438 5565 5431 0
9941 7318 2972 2397 0
9941 9824 9143 3489 0
9941 2384 1295 126 0
9941 5990 5169 5075 0
9941 7162 2276 877 0
9941 9513 2946 2505 0
9941 4835 3379 58 0
9941 9526 8613 5212 0
9941 8847 8208 516 0
9941 5057 4826 4488 0
9941 3571 2806 1601 0
9941 6003 2914 943 0
9941 8575 8572 8559 0
9941 7208 3633 2118 0
9941 7982 6031 5457 0
9941 6330 3668 1337 0
9941 8109 8015 4440 0
9941 9137 7705 1882 0
9941 9929 9740 4038 0
9941 9763 2875 1449 0
9941 9424 7690 2075 0
9941 8800 1676 1287 0
9941 8205 5382 3393 0
9941 3238 1721 957 0
9941 8873 8390 3581 0
9941 9793 8226 649 0
9941 9212 4101 1323 0
9941 8451 829 518 0
9941 9362 3409 2946 0
9941 5144 4475 4209 0
9941 7297 3431 1320 0
9941 8362 5566 2009 0
9941 7275 5510 3260 0
9941 8572 1955 367 0
9941 8916 8907 1085 0
9941 4663 3458 148 0
9941 8351 5839 2434 0
9941 2826 2607 732 0
9941 9906 6479 1325 0
9941 2222 1020 673 0
9941 9237 3026 2015 0
9941 9022 8755 813 0
9941 9415 8018 1921 0
9941 7245 4853 3010 0
9941 7599 5968 2018 0
9941 3087 1445 90 0
9941 8190 2823 1067 0
9941 4261 2873 90 0
9941 7327 6276 1228 0
9941 8941 5284 627 0
9941 4147 2232 1045 0
9941 6974 3675 2516 0
9941 5254 1997 820 0
9941 8330 7455 4376 0
9941 8786 3678 2527 0
9941 7839 6918 6218 0
9941 6661 5980 5399 0
9941 6800 6498 5963 0
9941 8206 6247 2946 0
9941 8735 7070 4908 0
9941 5618 4428 4043 0
9941 9566 9445 99 0
9941 4443 4294 1303 0
9941 4788 2717 963 0
9941 9582 3757 3685 0
9941 8421 4330 3988 0
9941 9090 7889 5947 0
9941 6898 2447 1350 0
9941 5044 1926 197 0
9941 6220 4135 3653 0
9941 9938 5812 2133 0
9941 9612 6839 6296 0
9941 8472 4931 3318 0
9941 9481 6538 5582 0
9941 7440 5311 2833 0
9941 7081 6149 4602 0
9941 8376 6315 2103 0
9941 9764 8677 1294 0
9941 8667 8170 8042 0
9941 9314 4156 231 0
9941 6358 5031 1606 0
9941 3158 2415 1165 0
9941 9384 7027 3331 0
9941 8214 7880 659 0
9941 8761 7630 915 0
9941 7170 5850 3695 0
9941 8787 6459 5276 0
9941 8992 4111 3159 0
9941 9616 5007 580 0
9941 7914 4741 1144 0
9941 4823 2984 255 0
9941 7571 5158 3433 0
9941 5495 2308 976 0
9941 6068 3969 199 0
9941 6137 1965 798 0
9941 8638 7224 1595 0
9941 9454 7006 3299 0
9941 6519 3454 2546 0
9941 9085 7691 52 0
9941 7738 6139 5984 0
9941 9398 7550 5613 0
9941 3002 2758 1870 0
9941 9814 9317 8436 0
9941 7955 3502 1161 0
9941 4163 2718 141 0
9941 5948 5276 3507 0
9941 3943 1871 730 0
9941 8647 4803 3326 0
9941 6804 4559 4411 0
9941 6220 1815 1067 0
9941 7723 3406 107 0
9941 8979 8376 615 0
9941 8945 7234 4995 0
9941 7804 6919 1041 0
9941 8863 7439 5670 0
9941 8532 7179 6506 0
9941 8165 8018 6167 0
9941 7730 5335 2137 0
9941 8178 4129 529 0
9941 4127 2372 465 0
9941 5186 1923 942 0
9941 8216 8189 4482 0
9941 8906 7173 3860 0
9941 6280 4837 1790 0
9941 8110 7545 1270 0
9941 7875 5432 1168 0
9941 9715 5818 3255 0
9941 8768 7267 6871 0
9941 5880 3691 3088 0
9941 9803 9433 3058 0
9941 9576 4173 1679 0
9941 8522 1723 921 0
9941 8108 5229 2646 0
9941 7197 5228 1310 0
9941 7891 3006 389 0
9941 9152 2407 973 0
9941 7326 6859 3836 0
9941 8511 5697 4556 0
9941 8848 8375 7954 0
9941 7214 2472 1855 0
9941 4780 2945 1338 0
9941 8894 8734 6793 0
9941 5838 4493 4137 0
9941 9569 2678 410 0
9941 2178 916 19 0
9941 6122 4857 4668 0
9941 7207 4976 766 0
9941 5300 2951 1136 0
9941 7164 761 211 0
9941 7378 2221 339 0
9941 8252 1404 535 0
9941 9071 7100 1748 0
9941 8095 2955 910 0
9941 9139 7947 3586 0
9941 6790 6442 219 0
9941 8575 6378 3031 0
9941 5337 4253 1902 0
9941 6110 5775 3941 0
9941 9540 7507 1424 0
9941 7630 4780 171 0
9941 8754 2829 2754 0
9941 8694 8031 722 0
9941 9009 2284 1867 0
9941 8208 7513 7418 0
9941 8380 8148 7079 0
9941 9792 6103 2312 0
9941 9460 1827 838 0
9941 5750 5358 2487 0
9941 8392 2972 415 0
9941 5335 748 630 0
9941 4665 4298 2504 0
9941 5578 4290 298 0
9941 9896 6275 4299 0
9941 8685 5308 686 0
9941 2354 2058 254 0
9941 9267 7880 3236 0
9941 9730 8088 6239 0
9941 7546 2619 694 0
9941 7726 7179 4654 0
9941 5936 5630 3045 0
9941 7956 6177 702 0
9941 7058 915 171 0
9941 8398 7291 2708 0
9941 3069 2971 88 0
9941 9140 7953 2326 0
9941 3751 3015 302 0
9941 7168 5033 1582 0
9941 8679 1943 900 0
9941 9765 7694 2264 0
9941 7232 5835 4788 0
9941 5295 1076 494 0
9941 9905 5546 2514 0
9941 9919 7099 2582 0
9941 9115 8674 4923 0
9941 9597 4610 613 0
9941 9864 2431 1568 0
9941 8593 4535 1332 0
9941 8978 5056 643 0
9941 8890 7166 7017 0
9941 7834 3305 2661 0
9941 7909 613 98 0
9941 8432 5517 4210 0
9941 9718 5405 807 0
9941 8879 664 568 0
9941 1000 627 494 0
9941 6135 5249 4014 0
9941 4506 3103 1403 0
9941 6646 2571 2191 0
9941 7221 7010 6555 0
9941 9436 8680 6831 0
9941 6113 2658 2614 0
9941 9705 7943 3812 0
9941 5484 3311 3111 0
9941 5506 3565 1025 0
9941 5115 3467 616 0
9941 5838 4148 1579 0
9941 5986 4939 2109 0
9941 5799 2460 2360 0
9941 9122 5382 2771 0
9941 7901 6825 206 0
9941 8050 2465 75 0
9941 8623 6350 3633 0
9941 9699 5984 1412 0
9941 8880 8723 8445 0
9941 7812 5230 3029 0
9941 7964 4861 2886 0
9941 4811 3170 2820 0
9941 8659 5958 343 0
9941 8207 5027 770 0
9941 9899 8867 506 0
9941 8489 4930 2791 0
9941 5438 3981 2811 0
9941 3757 2554 1346 0
9941 9466 8275 2718 0
9941 8269 6324 6082 0
9941 8563 8306 2124 0
9941 8754 2366 1763 0
9941 8771 8462 4091 0
9941 8807 5824 529 0
9941 7815 5231 1216 0
9941 8153 7546 7222 0
9941 7712 3845 1130 0
9941 9384 7655 3968 0
9941 9330 8075 7898 0
9941 5567 3882 3181 0
9941 3539 3126 1630 0
9941 7715 1767 670 0
9941 5961 5463 1476 0
9941 4054 4031 1723 0
9941 8842 8061 2858 0
9941 6841 705 178 0
9941 9233 2226 471 0
9941 8292 5830 2707 0
9941 6358 3867 896 0
9941 8776 7720 6143 0
9941 8168 851 809 0
9941 7755 3470 248 0
9941 5895 2302 554 0
9941 7923 6356 5092 0
9941 5288 4466 2255 0
9941 9911 7147 2842 0
9941 9259 3587 3130 0
9941 6558 4590 2811 0
9941 8870 8748 3743 0
9941 8822 5534 2769 0
9941 4503 2608 2167 0
9941 9090 7220 2005 0
9941 9724 3651 2194 0
9941 3391 2492 1521 0
9941 7846 4019 1701 0
9941 9687 6507 4161 0
9941 9171 8094 4883 0
9941 9455 7345 820 0
9941 9333 6812 2598 0
9941 8820 7556 5147 0
9941 7679 5356 1455 0
9941 7030 3959 3247 0
9941 8407 7576 3501 0
9941 7989 6010 3722 0
9941 8636 4548 3851 0
9941 9446 6621 6284 0
9941 7169 4878 2299 0
9941 3511 1508 1030 0
9941 4561 3592 1026 0
9941 6815 2749 1354 0
9941 8702 7435 6747 0
9941 8895 7054 5333 0
9941 5407 1004 844 0
9941 7272 6587 375 0
9941 4863 4494 1304 0
9941 9857 9076 8626 0
9941 7622 4362 2197 0
9941 6174 4110 2783 0
9941 9537 7769 2126 0
9941 9687 6412 2852 0
9941 6939 4520 1806 0
9941 5494 1763 994 0
9941 7299 1792 1559 0
9941 3698 3259 2503 0
9941 8426 6425 1808 0
9941 7435 5518 404 0
9941 9108 3725 1414 0
9941 7517 3906 704 0
9941 4904 3995 3381 0
9941 8308 7341 4063 0
9941 9757 7630 6332 0
9941 4143 1966 1499 0
9941 9083 5253 2098 0
9941 3351 2361 1296 0
9941 1525 1055 712 0
9941 8804 8244 7375 0
9941 9598 9499 4866 0
9941 9002 6423 15 0
9941 9743 8941 5746 0
9941 5951 2266 903 0
9941 4181 4105 3490 0
9941 6730 4027 3227 0
9941 9515 7135 3528 0
9941 8255 7083 3084 0
9941 8422 6201 1912 0
9941 8301 5579 1744 0
9941 7521 7235 2182 0
9941 5195 3738 1733 0
9941 9458 7036 1975 0
9941 7123 6362 3393 0
9941 6582 949 719 0
9941 9839 3431 2972 0
9941 6094 2362 372 0
9941 6470 4491 3294 0
9941 9008 8865 3455 0
9941 8558 5003 332 0
9941 6329 4786 4039 0
9941 9439 5621 5545 0
9941 6666 5360 4997 0
9941 8483 2311 1630 0
9941 9584 8126 4539 0
9941 9391 8334 3026 0
9941 8567 6852 4083 0
9941 9063 8489 4446 0
9941 9587 5151 18 0
9941 9570 2639 1706 0
9941 3846 281 47 0
9941 9648 5167 113 0
9941 6981 2627 2244 0
9941 8168 3147 3092 0
9941 9251 9250 6751 0
9941 7655 3769 1528 0
9941 9637 9354 4862 0
9941 5996 3947 3465 0
9941 9062 8412 1403 0
9941 9436 5921 4194 0
9941 5934 2873 1943 0
9941 9615 6371 5604 0
9941 3019 1480 272 0
9941 8880 1141 547 0
9941 9676 2155 863 0
9941 8280 4439 2631 0
9941 6049 2578 1773 0
9941 9500 4759 4501 0
9941 5614 4687 1841 0
9941 9279 6370 2834 0
9941 4369 3632 2091 0
9941 8255 6054 1615 0
9941 8006 7488 1381 0
9941 7630 5451 4342 0
9941 9213 8475 3246 0
9941 4954 4490 2947 0
9941 8993 6288 4430 0
9941 9027 7808 5287 0
9941 9793 6162 212 0
9941 8615 2480 1620 0
9941 6600 2251 28 0
9941 6061 2700 1802 0
9941 8583 6105 5802 0
9941 8290 7519 2360 0
9941 8987 7576 1080 0
9941 8907 2619 1106 0
9941 8874 4791 870 0
9941 8793 2051 1824 0
9941 9274 7831 2580 0
9941 5985 5583 3632 0
9941 7936 6247 2067 0
9941 9274 4484 2761 0
9941 2523 1305 678 0
9941 4718 285 179 0
9941 4475 4412 639 0
9941 8291 6957 12 0
9941 5521 3502 1347 0
9941 9658 4250 3583 0
9941 8266 8089 2159 0
9941 8245 3360 1126 0
9941 6872 6323 2843 0
9941 9530 8397 117 0
9941 7670 3636 3613 0
9941 8130 4676 505 0
9941 4786 4609 2862 0
9941 9335 8142 2025 0
9941 9918 5500 3995 0
9941 8545 3986 2064 0
9941 8705 3844 898 0
9941 5262 2537 979 0
9941 6951 6376 2332 0
9941 9180 3121 2299 0
9941 7791 6440 4736 0
9941 6619 1554 1328 0
9941 7936 6810 737 0
9941 7985 3750 340 0
9941 6212 6058 1971 0
9941 9579 3636 3159 0
9941 7712 6274 5649 0
9941 6403 5048 4185 0
9941 9840 9415 2762 0
9941 8033 7012 583 0
9941 9699 8630 6776 0
9941 8773 2010 1457 0
9941 8048 2349 1634 0
9941 7524 6482 2997 0
9941 7658 6129 4249 0
9941 8546 2973 2305 0
9941 5549 3962 3930 0
9941 7961 7374 3820 0
9941 6664 4186 3203 0
9941 7475 3282 352 0
9941 9311 3530 3344 0
9941 8241 5802 3813 0
9941 9184 6945 4586 0
9941 9809 6423 5794 0
9941 8367 6034 5185 0
9941 8063 3676 651 0
9941 6743 4406 3938 0
9941 9794 8499 4705 0
9941 8094 4517 2601 0
9941 4153 4026 2263 0
9941 9210 6242 841 0
9941 6447 4786 4309 0
9941 9695 7201 5260 0
9941 6736 3617 3303 0
9941 9326 7564 5197 0
9941 8543 5982 845 0
9941 8219 3756 1066 0
9941 8347 2706 2018 0
9941 8233 2084 30 0
9941 9872 7205 198 0
9941 9701 3392 75 0
9941 4527 3794 709 0
9941 7215 5259 866 0
9941 8523 7088 5391 0
9941 5034 3500 2905 0
9941 6787 2695 222 0
9941 9205 4422 1118 0
9941 9488 4450 3399 0
9941 5842 2375 229 0
9941 9751 9244 8582 0
9941 7019 5874 3317 0
9941 9046 8221 6248 0
9941 5146 3761 2676 0
9941 8962 3873 1393 0
9941 5866 4502 2865 0
9941 8898 4921 3236 0
9941 9848 2449 2046 0
9941 9788 7543 1101 0
9941 9216 5225 1966 0
9941 8490 4754 353 0
9941 6720 3686 1183 0
9941 6555 5402 3130 0
9941 9448 7441 1118 0
9941 7282 3439 1266 0
9941 8980 4578 3535 0
9941 4554 4539 2843 0
9941 3930 2923 1135 0
9941 9112 3498 1841 0
9941 9599 7650 7107 0
9941 4920 1571 362 0
9941 7808 419 198 0
9941 9754 7989 2887 0
9941 4814 3017 1551 0
9941 7981 5984 1762 0
9941 8498 1987 1351 0
9941 8423 3891 3190 0
9941 7354 5497 1131 0
9941 4267 2818 606 0
9941 7468 6390 1045 0
9941 9206 7716 4275 0
9941 5995 4654 9 0
9941 9707 6851 2702 0
9941 5349 2989 2822 0
9941 7420 5091 3442 0
9941 9163 6600 2821 0
9941 9816 8039 5355 0
9941 7646 4073 3609 0
9941 9371 8178 1287 0
9941 9206 6965 29 0
9941 8396 7833 6287 0
9941 9138 5885 3807 0
9941 9249 6239 5851 0
9941 7350 2899 1664 0
9941 4379 3956 1572 0
9941 3269 1936 1702 0
9941 9603 7268 3056 0
9941 7418 5815 4426 0
9941 5270 4528 1569 0
9941 8216 5977 3874 0
9941 9629 8572 450 0
9941 9916 8843 1915 0
9941 3714 3278 813 0
9941 9022 3763 3167 0
9941 4094 1210 693 0
9941 6975 6731 2190 0
9941 9251 4976 1539 0
9941 9398 4959 4695 0
9941 7286 5105 2796 0
9941 8181 6799 1658 0
9941 5803 4637 472 0
9941 8870 5507 4262 0
9941 4641 1222 434 0
9941 9410 8322 6313 0
9941 9924 5643 3113 0
9941 8695 4789 3536 0
9941 4768 2230 1473 0
9941 5071 4546 32 0
9941 6068 2375 761 0
9941 7889 6988 2619 0
9941 9731 8028 7868 0
9941 5460 3449 3027 0
9941 8463 2854 1115 0
9941 9201 8065 4094 0
9941 7529 2437 1170 0
9941 3548 3061 454 0
9941 2575 1420 954 0
9941 7494 1668 683 0
9941 8619 5210 2804 0
9941 4404 3881 1090 0
9941 8709 7920 878 0
9941 8712 6018 3635 0
9941 6793 5290 3312 0
9941 9098 7289 33 0
9941 6457 4045 1986 0
9941 9519 3821 2094 0
9941 9531 6697 6596 0
9941 6992 6458 5607 0
9941 6239 2261 1851 0
9941 8374 7373 4726 0
9941 4370 2703 2597 0
9941 9674 9097 8370 0
9941 7557 5228 3006 0
9941 9572 7333 1606 0
9941 7815 5065 190 0
9941 4762 1181 768 0
9941 6365 5614 663 0
9941 6925 2196 850 0
9941 7748 2895 2805 0
9941 8492 7970 2241 0
9941 8813 6819 930 0
9941 9614 817 391 0
9941 9791 8466 3075 0
9941 7084 1858 933 0
9941 9710 9289 3163 0
9941 7527 5434 4034 0
9941 8252 6534 711 0
9941 6280 4682 175 0
9941 3558 3323 903 0
9941 9472 7619 4141 0
9941 2109 1118 393 0
9941 8531 4772 2177 0
9941 5383 5258 3373 0
9941 6105 3824 2483 0
9941 5462 5409 4281 0
9941 9862 4715 3525 0
9941 4340 3558 1653 0
9941 5469 3202 2372 0
9941 4531 3770 1941 0
9941 7288 5962 1503 0
9941 9319 5098 2909 0
9941 5009 2650 2521 0
9941 9762 9328 6833 0
9941 9774 9684 6251 0
9941 3466 1831 1673 0
9941 8080 1999 1655 0
9941 6920 4946 1625 0
9941 7888 4800 1411 0
9941 6374 5739 208 0
9941 6993 126 72 0
9941 2733 1295 318 0
9941 8541 5442 3680 0
9941 8943 2508 2496 0
9941 9567 9133 4360 0
9941 6518 1933 237 0
9941 7368 6475 3190 0
9941 7840 5131 4605 0
9941 8260 3291 1993 0
9941 9937 5236 5223 0
9941 3050 1661 1617 0
9941 7312 6922 573 0
9941 8382 3002 2167 0
9941 4749 1441 602 0
9941 8910 467 240 0
9941 9859 1545 1366 0
9941 8066 6179 2469 0
9941 7270 2392 1787 0
9941 5812 655 101 0
9941 6182 4629 3382 0
9941 9663 8198 5198 0
9941 2332 674 169 0
9941 9148 4527 2507 0
9941 6237 2878 1736 0
9941 6690 4597 1828 0
9941 8250 4516 3343 0
9941 8891 2488 1923 0
9941 6767 5856 4185 0
9941 8222 1901 1821 0
9941 3993 2631 1716 0
9941 4577 3908 2795 0
9941 5252 1839 662 0
9941 7313 5977 2922 0
9941 8610 7400 2651 0
9941 5012 1530 1371 0
9941 6919 3891 3200 0
9941 9370 7739 6309 0
9941 2816 1806 1111 0
9941 3613 2142 815 0
9941 6947 4850 1314 0
9941 6709 4638 2833 0
9941 6495 4946 3437 0
9941 9849 9833 5310 0
9941 6305 5543 4470 0
9941 4743 3563 238 0
9941 5510 1837 1383 0
9941 8132 7083 540 0
9941 5367 2735 1904 0
9941 9935 7263 6899 0
9941 5568 5175 2730 0
9941 8770 4577 988 0
9941 4993 3873 3158 0
9941 1010 885 789 0
9941 9625 7067 1824 0
9941 4026 275 184 0
9941 8388 6439 3140 0
9941 7804 1233 1139 0
9941 3283 3130 2726 0
9941 4403 3630 925 0
9941 2922 211 67 0
9941 8870 5577 383 0
9941 2854 2553 541 0
9941 7374 4763 1045 0
9941 7296 5711 4762 0
9941 6898 4971 4675 0
9941 7944 7709 4094 0
9941 7895 6840 622 0
9941 8725 3630 58 0
9941 9554 5678 3905 0
9941 7794 6887 2270 0
9941 4131 2876 1725 0
9941 8832 1213 22 0
9941 8239 5425 4544 0
9941 8476 8212 5631 0
9941 4836 4021 2290 0
9941 9275 4757 3506 0
9941 9354 7892 661 0
9941 7708 7387 483 0
9941 5789 4922 4091 0
9941 5754 5366 4171 0
9941 5052 4427 25 0
9941 4750 776 639 0
9941 8318 2464 1465 0
9941 9095 1119 570 0
9941 6269 4324 4210 0
9941 9923 7041 6643 0
9941 9614 5446 2613 0
9941 6730 3017 108 0
9941 5047 334 60 0
9941 8446 5012 117 0
9941 9503 8377 1990 0
9941 9080 4423 3778 0
9941 5927 2077 1278 0
9941 8251 1398 905 0
9941 7464 3325 1202 0
9941 7076 5108 3 0
9941 5779 1730 1617 0
9941 6363 4963 3614 0
9941 7945 7802 1315 0
9941 6019 3216 785 0
9941 5202 4656 3095 0
9941 7730 6834 4543 0
9941 7345 4289 1362 0
9941 4727 2983 2340 0
9941 7753 4803 1120 0
9941 9329 4027 2944 0
9941 9480 4725 210 0
9941 8923 6562 2811 0
9941 6462 4541 2674 0
9941 1270 1101 553 0
9941 6331 3671 1254 0
9941 7769 1457 854 0
9941 9842 3792 3235 0
9941 8178 6381 5661 0
9941 2930 2152 523 0
9941 8749 8409 4582 0
9941 6619 5034 2737 0
9941 6726 4679 724 0
9941 5442 2245 2108 0
9941 7743 5994 2766 0
9941 7347 4116 2330 0
9941 7101 2324 659 0
9941 8561 5379 264 0
9941 7369 6812 486 0
9941 9691 5244 3482 0
9941 8824 7767 3467 0
9941 2595 1852 712 0
9941 7261 6651 5908 0
9941 8454 1685 254 0
9941 1868 1237 267 0
9941 9850 7602 2939 0
9941 9578 9352 7341 0
9941 6913 6389 894 0
9941 7359 6448 5201 0
9941 7293 6409 6226 0
9941 7763 6868 6168 0
9941 8700 4503 3842 0
9941 6783 6559 1460 0
9941 8691 1964 1418 0
9941 9349 5630 3757 0
9941 4560 1055 597 0
9941 5559 4574 2008 0
9941 7640 5298 1347 0
9941 8478 2943 1166 0
9941 9031 8365 3696 0
9941 3679 3650 1650 0
9941 3453 2286 1674 0
9941 9195 3680 3477 0
9941 9861 3773 414 0
9941 9470 5318 5231 0
9941 5334 4509 3273 0
9941 9617 7311 738 0
9941 7960 7819 2309 0
9941 9162 6184 4919 0
9941 9545 6771 5354 0
9941 6299 4428 861 0
9941 9598 2199 968 0
9941 7709 2892 1766 0
9941 8424 3135 479 0
9941 1801 1246 275 0
9941 8033 3279 846 0
9941 7122 4572 1665 0
9941 9219 8516 6424 0
9941 8683 6604 1401 0
9941 5449 2395 1112 0
9941 5696 5519 680 0
9941 8171 7600 1279 0
9941 7872 7866 1479 0
9941 5901 3618 2055 0
9941 3456 1579 131 0
9941 6895 1162 36 0
9941 7721 6654 5569 0
9941 5436 3871 1757 0
9941 8963 8584 6279 0
9941 9739 9190 6159 0
9941 9585 5602 1556 0
9941 5568 4799 3694 0
9941 7674 6053 5155 0
9941 8222 7569 2650 0
9941 7960 6682 911 0
9941 8816 8257 7890 0
9941 6039 3031 172 0
9941 9317 3778 2853 0
9941 7130 2738 2459 0
9941 4066 3197 2788 0
9941 7584 6829 1483 0
9941 8026 6076 1715 0
9941 9459 8138 4089 0
9941 6695 3528 304 0
9941 7622 6321 1929 0
9941 9523 8775 6494 0
9941 9458 7600 3495 0
9941 7167 4348 2366 0
9941 5765 3150 475 0
9941 3168 1175 1129 0
9941 7637 7028 3227 0
9941 8500 4366 417 0
9941 7643 6752 4260 0
9941 8867 7256 3573 0
9941 8983 7150 5529 0
9941 7699 2935 2918 0
9941 3768 286 80 0
9941 9435 3451 1996 0
9941 7087 4364 3079 0
9941 8547 6744 4679 0
9941 8512 5225 4086 0
9941 8635 6274 4058 0
9941 9590 9492 3131 0
9941 9296 3106 2053 0
9941 7531 7404 3986 0
9941 6191 3542 3425 0
9941 6772 4703 3655 0
9941 9914 5448 769 0
9941 7821 7466 2419 0
9941 7225 5522 1473 0
9941 4781 4111 3144 0
9941 7035 5985 4278 0
9941 5610 5123 863 0
9941 9911 6822 4237 0
9941 9169 4585 3602 0
9941 9311 7486 3405 0
9941 7079 1198 105 0
9941 8561 8470 4437 0
9941 8533 4110 2759 0
9941 5266 1867 591 0
9941 8360 1798 1753 0
9941 8626 486 7 0
9941 9007 5021 312 0
9941 5957 2218 195 0
9941 5784 5119 809 0
9941 7311 5032 2821 0
9941 9176 6502 2407 0
9941 3260 1331 59 0
9941 8416 7243 2876 0
9941 8437 6878 3931 0
9941 7349 6774 3376 0
9941 4258 4239 4093 0
9941 5685 4652 2195 0
9941 5031 3392 1021 0
9941 6514 6249 5605 0
9941 6292 4204 59 0
9941 4475 2291 1184 0
9941 5772 5711 1474 0
9941 6804 6008 1795 0
9941 2731 1216 1136 0
9941 9104 5679 5312 0
9941 4231 2738 1477 0
9941 7336 5706 5369 0
9941 7363 5190 59 0
9941 4647 3880 899 0
9941 5348 4116 2515 0
9941 7039 637 356 0
9941 7998 6956 5193 0
9941 6111 5126 1636 0
9941 9291 5024 1288 0
9941 6914 6111 842 0
9941 9367 5581 3662 0
9941 8146 7028 3145 0
9941 9852 8298 3297 0
9941 7035 6239 6132 0
9941 9123 5620 1964 0
9941 971 317 140 0
9941 9315 7392 2654 0
9941 6152 3173 983 0
9941 8413 3690 1183 0
9941 9513 6255 3252 0
9941 8728 6399 748 0
9941 3589 2851 2166 0
9941 8097 6440 366 0
9941 8962 5363 1383 0
9941 9411 9140 9016 0
9941 9531 7540 2527 0
9941 8981 2002 772 0
9941 7459 5546 3397 0
9941 8870 5913 3818 0
9941 8960 1527 1151 0
9941 7750 4541 4014 0
9941 9757 9578 5071 0
9941 9039 8294 6947 0
9941 7223 2770 907 0
9941 9920 6803 1869 0
9941 5066 3253 627 0
9941 8324 6008 1295 0
9941 5014 3020 1561 0
9941 3160 1975 26 0
9941 6776 3214 1227 0
9941 5531 5444 5042 0
9941 8994 8312 935 0
9941 5636 1950 1585 0
9941 8567 7930 4914 0
9941 8978 1898 939 0
9941 7376 3655 1627 0
9941 7947 2705 1666 0
9941 6233 5815 4974 0
9941 8989 2228 1915 0
9941 4524 3335 2166 0
9941 9160 6388 267 0
9941 9194 3763 3531 0
9941 9626 4939 1780 0
9941 4570 4309 1322 0
9941 6219 4896 3497 0
9941 5886 5570 949 0
9941 9404 4026 557 0
9941 8611 6512 3868 0
9941 7185 5317 4574 0
9941 8350 5665 2400 0
9941 7911 6249 4046 0
9941 8107 5114 372 0
9941 9670 6253 56 0
9941 3078 2257 1798 0
9941 7852 2823 2630 0
9941 8409 8031 3900 0
9941 9043 4064 285 0
9941 8559 6831 3608 0
9941 8971 5890 2487 0
9941 6686 5970 1545 0
9941 9133 8047 6342 0
9941 8873 7123 3324 0
9941 8253 8203 6574 0
9941 9219 2579 1132 0
9941 9771 4918 2971 0
9941 6144 4043 2371 0
9941 3805 914 177 0
9941 2839 1619 988 0
9941 2495 1396 690 0
9941 6360 2494 2185 0
9941 7945 7587 620 0
9941 8707 2429 1114 0
9941 5003 2694 2598 0
9941 8772 7943 6502 0
9941 5536 3005 1258 0
9941 8951 5517 3190 0
9941 9773 2769 730 0
9941 6953 2686 1783 0
9941 9578 4735 1729 0
9941 9127 2852 1309 0
9941 9742 9447 1840 0
9941 4172 2976 2851 0
9941 6441 150 26 0
9941 6055 5964 617 0
9941 6678 2650 2455 0
9941 7418 7309 4909 0
9941 7857 4979 3714 0
9941 8464 7925 2562 0
9941 9341 9255 1588 0
9941 8492 5106 4367 0
9941 7370 777 699 0
9941 5991 5270 1366 0
9941 8683 6710 2113 0
9941 3269 1432 951 0
9941 8435 3909 1500 0
9941 1794 1156 821 0
9941 9890 9037 6787 0
9941 7646 3338 1329 0
9941 5121 4282 616 0
9941 9225 6242 1488 0
9941 7325 6932 3527 0
9941 9816 2542 1349 0
9941 3574 3365 1602 0
9941 8923 2856 1417 0
9941 7189 2760 2131 0
9941 8105 2642 1584 0
9941 7859 1659 1318 0
9941 1624 407 121 0
